[gd_scene load_steps=18 format=3 uid="uid://chj024exmu62m"]

[ext_resource type="Script" uid="uid://bcm6jr3slbvka" path="res://Scripts/Props/FishTank.gd" id="1_6nntu"]
[ext_resource type="PackedScene" uid="uid://bhyo4ay5myd40" path="res://Props/Dead Fish.tscn" id="1_qmsf3"]
[ext_resource type="Script" uid="uid://ctc0gkf64cmms" path="res://Scripts/SmartSoundArrayPlayer.gd" id="2_78bak"]
[ext_resource type="AudioStream" uid="uid://doocxxlsgprh5" path="res://Sounds/LAND 1.mp3" id="3_20i7j"]
[ext_resource type="AudioStream" uid="uid://dk60ppm2epprh" path="res://Sounds/LAND 2.mp3" id="4_6nntu"]
[ext_resource type="AudioStream" uid="uid://crc7oetd26tcj" path="res://Sounds/LAND 3.mp3" id="5_artvx"]
[ext_resource type="PackedScene" uid="uid://bycrl8t5qtlud" path="res://ITEM_MODELS/Fishtank/fishtank.glb" id="7_artvx"]
[ext_resource type="AudioStream" uid="uid://ca4a6c4102gvw" path="res://Sounds/INTERACTION/SPLASH 1.mp3" id="8_nbl62"]
[ext_resource type="AudioStream" uid="uid://b5xrsjn5jjt3d" path="res://Sounds/INTERACTION/SPLASH 2.mp3" id="9_vsy16"]
[ext_resource type="AudioStream" uid="uid://dqx8e3uf7h57n" path="res://Sounds/INTERACTION/SPLASH 3.mp3" id="10_kgaco"]
[ext_resource type="AudioStream" uid="uid://bvihxgoxckfk0" path="res://Sounds/INTERACTION/SPLASH 4.mp3" id="11_57bn8"]
[ext_resource type="AudioStream" uid="uid://byjq0i1k2doa4" path="res://Sounds/INTERACTION/SPLASH 5.mp3" id="12_ftsmm"]

[sub_resource type="BoxShape3D" id="BoxShape3D_ejtpv"]
size = Vector3(3.2184067, 3.2192268, 4.4992065)

[sub_resource type="Animation" id="Animation_20i7j"]
length = 0.001
tracks/0/type = "rotation_3d"
tracks/0/imported = false
tracks/0/enabled = true
tracks/0/path = NodePath("Animated Dead Fish")
tracks/0/interp = 1
tracks/0/loop_wrap = true
tracks/0/keys = PackedFloat32Array(0, 1, 0, 0, -0.70710677, 0.70710677)
tracks/1/type = "position_3d"
tracks/1/imported = false
tracks/1/enabled = true
tracks/1/path = NodePath("Animated Dead Fish")
tracks/1/interp = 1
tracks/1/loop_wrap = true
tracks/1/keys = PackedFloat32Array(0, 1, 0, 0.9, 0)

[sub_resource type="Animation" id="Animation_wwt6d"]
resource_name = "send_off_to_war"
length = 1.2667
tracks/0/type = "rotation_3d"
tracks/0/imported = false
tracks/0/enabled = true
tracks/0/path = NodePath("Animated Dead Fish")
tracks/0/interp = 1
tracks/0/loop_wrap = true
tracks/0/keys = PackedFloat32Array(0, 1, 0, 0, -0.70710677, 0.70710677, 0.06666667, 1, -0.71247286, 0.08535207, -0.08753724, 0.69096625, 0.36666667, 1, -0.71247286, 0.08535207, -0.08753724, 0.69096625, 0.53333336, 1, 0.25847226, -0.6623673, 0.6737632, -0.20125811)
tracks/1/type = "method"
tracks/1/imported = false
tracks/1/enabled = true
tracks/1/path = NodePath("Land Audio Player")
tracks/1/interp = 1
tracks/1/loop_wrap = true
tracks/1/keys = {
"times": PackedFloat32Array(1.2666667),
"transitions": PackedFloat32Array(1),
"values": [{
"args": [],
"method": &"play_random_from_array"
}]
}
tracks/2/type = "position_3d"
tracks/2/imported = false
tracks/2/enabled = true
tracks/2/path = NodePath("Animated Dead Fish")
tracks/2/interp = 1
tracks/2/loop_wrap = true
tracks/2/keys = PackedFloat32Array(0, 1, 0, 0.9, 0, 0.33333334, 1, 1.3971272, 3.881167, 0, 0.56666666, 1, 1.6430771, 3.8926067, 0, 1.2667, 1, 4.7625384, -4.7683, 0)
tracks/3/type = "method"
tracks/3/imported = false
tracks/3/enabled = true
tracks/3/path = NodePath(".")
tracks/3/interp = 1
tracks/3/loop_wrap = true
tracks/3/keys = {
"times": PackedFloat32Array(1.2666667),
"transitions": PackedFloat32Array(1),
"values": [{
"args": [],
"method": &"on_animation_finished"
}]
}
tracks/4/type = "method"
tracks/4/imported = false
tracks/4/enabled = true
tracks/4/path = NodePath("Jump Sound Player")
tracks/4/interp = 1
tracks/4/loop_wrap = true
tracks/4/keys = {
"times": PackedFloat32Array(0.19),
"transitions": PackedFloat32Array(1),
"values": [{
"args": [],
"method": &"play_random_from_array"
}]
}

[sub_resource type="Animation" id="Animation_nbl62"]
resource_name = "send_off_to_war_short"
length = 0.7417
tracks/0/type = "rotation_3d"
tracks/0/imported = false
tracks/0/enabled = true
tracks/0/path = NodePath("Animated Dead Fish")
tracks/0/interp = 1
tracks/0/loop_wrap = true
tracks/0/keys = PackedFloat32Array(0, 1, 0, 0, -0.70710677, 0.70710677, 0.06666667, 1, -0.71247286, 0.08535207, -0.08753724, 0.69096625, 0.36666667, 1, -0.71247286, 0.08535207, -0.08753724, 0.69096625, 0.53333336, 1, 0.25847226, -0.6623673, 0.6737632, -0.20125811)
tracks/1/type = "method"
tracks/1/imported = false
tracks/1/enabled = true
tracks/1/path = NodePath("Land Audio Player")
tracks/1/interp = 1
tracks/1/loop_wrap = true
tracks/1/keys = {
"times": PackedFloat32Array(0.73333335),
"transitions": PackedFloat32Array(1),
"values": [{
"args": [],
"method": &"play_random_from_array"
}]
}
tracks/2/type = "position_3d"
tracks/2/imported = false
tracks/2/enabled = true
tracks/2/path = NodePath("Animated Dead Fish")
tracks/2/interp = 1
tracks/2/loop_wrap = true
tracks/2/keys = PackedFloat32Array(0, 1, 0, 0.9, 0, 0.33333334, 1, 1.3971272, 3.881167, 0, 0.56666666, 1, 1.6430771, 3.8926067, 0, 0.73333335, 1, 3.1821082, -0.38037586, 0)
tracks/3/type = "method"
tracks/3/imported = false
tracks/3/enabled = true
tracks/3/path = NodePath(".")
tracks/3/interp = 1
tracks/3/loop_wrap = true
tracks/3/keys = {
"times": PackedFloat32Array(0.73333335),
"transitions": PackedFloat32Array(1),
"values": [{
"args": [],
"method": &"on_animation_finished"
}]
}
tracks/4/type = "method"
tracks/4/imported = false
tracks/4/enabled = true
tracks/4/path = NodePath("Jump Sound Player")
tracks/4/interp = 1
tracks/4/loop_wrap = true
tracks/4/keys = {
"times": PackedFloat32Array(0.19),
"transitions": PackedFloat32Array(1),
"values": [{
"args": [],
"method": &"play_random_from_array"
}]
}

[sub_resource type="AnimationLibrary" id="AnimationLibrary_6nntu"]
_data = {
&"RESET": SubResource("Animation_20i7j"),
&"send_off_to_war": SubResource("Animation_wwt6d"),
&"send_off_to_war_short": SubResource("Animation_nbl62")
}

[node name="Fishtank" type="RigidBody3D" node_paths=PackedStringArray("fish_array")]
transform = Transform3D(0.9999999, 0, 0, 0, 0.9999999, 0, 0, 0, 1, 0, 0, 0)
axis_lock_linear_x = true
axis_lock_linear_y = true
axis_lock_linear_z = true
axis_lock_angular_x = true
axis_lock_angular_y = true
axis_lock_angular_z = true
freeze_mode = 1
script = ExtResource("1_6nntu")
fish_array = [NodePath("Yee Yee ahh fish/Dead Fish"), NodePath("Yee Yee ahh fish/Dead Fish2"), NodePath("Yee Yee ahh fish/Dead Fish3"), NodePath("Yee Yee ahh fish/Dead Fish4"), NodePath("Yee Yee ahh fish/Dead Fish5"), NodePath("Yee Yee ahh fish/Dead Fish6"), NodePath("Yee Yee ahh fish/Dead Fish7"), NodePath("Yee Yee ahh fish/Dead Fish8"), NodePath("Yee Yee ahh fish/Dead Fish9"), NodePath("Yee Yee ahh fish/Dead Fish10")]

[node name="Cube Collision" type="CollisionShape3D" parent="."]
transform = Transform3D(1, 0, 0, 0, 1, 0, 0, 0, 1, 0.0041160583, 1.6130466, 0.18771362)
shape = SubResource("BoxShape3D_ejtpv")

[node name="Animated Dead Fish" parent="." instance=ExtResource("1_qmsf3")]
transform = Transform3D(-4.3711356e-08, 1, 0, -0.9999993, -4.371139e-08, 0, 0, 0, 0.9999999, 0, 0.9, 0)

[node name="AnimationPlayer" type="AnimationPlayer" parent="."]
libraries = {
&"": SubResource("AnimationLibrary_6nntu")
}

[node name="Land Audio Player" type="AudioStreamPlayer3D" parent="."]
bus = &"SFX"
script = ExtResource("2_78bak")
sound_array = Array[AudioStream]([ExtResource("3_20i7j"), ExtResource("4_6nntu"), ExtResource("5_artvx")])
metadata/_custom_type_script = "uid://ctc0gkf64cmms"

[node name="fishtank" parent="." instance=ExtResource("7_artvx")]
transform = Transform3D(-6.9938224e-08, 0, -1.6, 0, 1.6, 0, 1.6, 0, -6.9938224e-08, 0, -0.018704563, -0.27675152)

[node name="Jump Sound Player" type="AudioStreamPlayer3D" parent="."]
bus = &"SFX"
script = ExtResource("2_78bak")
sound_array = Array[AudioStream]([ExtResource("8_nbl62"), ExtResource("9_vsy16"), ExtResource("10_kgaco"), ExtResource("11_57bn8"), ExtResource("12_ftsmm")])
metadata/_custom_type_script = "uid://ctc0gkf64cmms"

[node name="Yee Yee ahh fish" type="Node3D" parent="."]

[node name="Dead Fish" parent="Yee Yee ahh fish" instance=ExtResource("1_qmsf3")]
transform = Transform3D(-4.3083507e-08, 0.98563576, 0.16888505, -1, -4.371139e-08, 0, 7.3822e-09, -0.16888505, 0.98563576, 0, 2.0260012, 1.254826)
collision_layer = 0
collision_mask = 0

[node name="Dead Fish2" parent="Yee Yee ahh fish" instance=ExtResource("1_qmsf3")]
transform = Transform3D(4.3019877e-08, -0.98418015, -0.17717053, -1, -4.371139e-08, 0, -7.74437e-09, 0.17717053, -0.98418015, 0, 1.3749055, -0.768554)
collision_layer = 0
collision_mask = 0

[node name="Dead Fish3" parent="Yee Yee ahh fish" instance=ExtResource("1_qmsf3")]
transform = Transform3D(1.7938483e-08, -0.41038474, 0.91191256, -1, -4.371139e-08, 0, 3.986096e-08, -0.9119125, -0.4103847, -1.0020107, 1.6315353, 0.5649201)
collision_layer = 0
collision_mask = 0

[node name="Dead Fish4" parent="Yee Yee ahh fish" instance=ExtResource("1_qmsf3")]
transform = Transform3D(-4.922495e-09, 0.1126136, -0.9936389, -1, -4.3711392e-08, 6.719791e-16, -4.343333e-08, 0.9936389, 0.11261362, -0.22063145, 0.5031613, -1.0290083)
collision_layer = 0
collision_mask = 0

[node name="Dead Fish5" parent="Yee Yee ahh fish" instance=ExtResource("1_qmsf3")]
transform = Transform3D(-1.5117831e-09, 0.034585565, -0.99940175, -1, -4.371139e-08, 0, -4.3685237e-08, 0.99940175, 0.034585565, 0.5327335, 0.49022907, -0.025770187)
collision_layer = 0
collision_mask = 0

[node name="Dead Fish6" parent="Yee Yee ahh fish" instance=ExtResource("1_qmsf3")]
transform = Transform3D(2.079489e-08, -0.47573164, 0.87959045, -1, -4.371139e-08, 0, 3.844812e-08, -0.87959045, -0.47573164, 1.1938022, 0.78534436, 1.2765687)
collision_layer = 0
collision_mask = 0

[node name="Dead Fish7" parent="Yee Yee ahh fish" instance=ExtResource("1_qmsf3")]
transform = Transform3D(-3.4883737e-08, 0.79804695, -0.6025953, -1, -4.371139e-08, 0, -2.634028e-08, 0.6025953, 0.79804695, 1.0983568, 1.3268473, 0.94834566)
collision_layer = 0
collision_mask = 0

[node name="Dead Fish8" parent="Yee Yee ahh fish" instance=ExtResource("1_qmsf3")]
transform = Transform3D(-1.0718287e-08, 0.24520583, 0.96947104, -1, -4.371139e-08, 0, 4.2376925e-08, -0.96947104, 0.24520583, 0, 1.9932274, -1.3938274)
collision_layer = 0
collision_mask = 0

[node name="Dead Fish9" parent="Yee Yee ahh fish" instance=ExtResource("1_qmsf3")]
transform = Transform3D(4.370986e-08, -0.9999651, -0.008359963, -1, -4.371139e-08, 0, -3.6542558e-10, 0.008359963, -0.9999651, -0.48041138, 0.49022907, 0.94834566)
collision_layer = 0
collision_mask = 0

[node name="Dead Fish10" parent="Yee Yee ahh fish" instance=ExtResource("1_qmsf3")]
transform = Transform3D(-3.980977e-08, 0.9107414, 0.41297728, -1, -4.371139e-08, 2.7754608e-17, 1.8051809e-08, -0.41297725, 0.9107413, -0.48041138, 2.249368, -0.5315745)
collision_layer = 0
collision_mask = 0
